3.724321 0.000019
9.302755 0.000000
9.689451 0.000000
6.410730 0.000000
7.124793 0.000000
3.112426 0.000117
5.953066 0.000000
0.077736 0.000000
6.851466 0.000000
8.594340 0.000000
1.807693 0.026838
9.861886 0.000000
1.898618 0.016429
0.447386 0.000000
4.062572 0.000008
3.671986 0.000022
9.279542 0.000000
6.406261 0.000000
5.192791 0.000001
4.272505 0.000005
6.983372 0.000000
6.664688 0.000000
9.696548 0.000000
3.600251 0.000027
7.120480 0.000000
8.057349 0.000000
6.873249 0.000000
0.112176 0.000000
8.453385 0.000000
6.049711 0.000000
4.317730 0.000004
2.177706 0.004169
5.352466 0.000001
4.007182 0.000009
8.588436 0.000000
2.477259 0.001149
7.119608 0.000000
4.541502 0.000003
2.554994 0.000844
3.971074 0.000010
3.135842 0.000109
4.362687 0.000004
3.832960 0.000015
5.034460 0.000001
4.810073 0.000002
7.895532 0.000000
8.706446 0.000000
4.089614 0.000008
4.301793 0.000005
3.899237 0.000012
8.362119 0.000000
1.285165 0.813599
0.563925 0.000000
8.058667 0.000000
4.885416 0.000001
7.684405 0.000000
6.116017 0.000000
1.758664 0.035332
7.796581 0.000000
4.569402 0.000003
7.808375 0.000000
2.114311 0.005602
6.747108 0.000000
3.160841 0.000100
6.121493 0.000000
5.335544 0.000001
5.638100 0.000000
3.241101 0.000078
9.877045 0.000000
8.193095 0.000000
7.212175 0.000000
3.012887 0.000162
2.555782 0.000841
1.045134 6.431006
8.047347 0.000000
7.365855 0.000000
8.940666 0.000000
6.753792 0.000000
1.455469 0.234407
3.242459 0.000078
0.653029 0.000000
9.817588 0.000000
4.527625 0.000003
1.216954 1.403652
7.876256 0.000000
9.413040 0.000000
8.901359 0.000000
3.992272 0.000010
1.171705 2.050303
6.697939 0.000000
8.561674 0.000000
8.980080 0.000000
8.812250 0.000000
5.308782 0.000001
2.140921 0.004943
4.933743 0.000001
0.644326 0.000000
7.779021 0.000000
8.174843 0.000000
0.521371 0.000000
5.972116 0.000000
5.387018 0.000000
3.534258 0.000033
8.527898 0.000000
6.432152 0.000000
1.581605 0.102099
5.893753 0.000000
5.372819 0.000000
8.335397 0.000000
7.349222 0.000000
8.615278 0.000000
8.988426 0.000000
7.166810 0.000000
3.142902 0.000106
0.205379 0.000000
5.043066 0.000001
2.555943 0.000840
9.106738 0.000000
9.035338 0.000000
3.727647 0.000019
5.804677 0.000000
7.597012 0.000000
2.707727 0.000472
4.616928 0.000002
2.905793 0.000233
4.848649 0.000001
9.550670 0.000000
3.550119 0.000031
2.627670 0.000637
7.725514 0.000000
4.071490 0.000008
8.599786 0.000000
3.112532 0.000117
7.605748 0.000000
7.127684 0.000000
9.544685 0.000000
9.187352 0.000000
3.021437 0.000158
4.917503 0.000001
7.522749 0.000000
0.370659 0.000000
3.532781 0.000033
6.511175 0.000000
7.537469 0.000000
6.675683 0.000000
6.716554 0.000000
2.580534 0.000764
9.231626 0.000000
5.823292 0.000000
1.615872 0.082400
2.959273 0.000194
1.627970 0.076478
9.212884 0.000000
5.667001 0.000000
6.244897 0.000000
2.118677 0.005487
0.515650 0.000000
5.795568 0.000000
5.668796 0.000000
3.143320 0.000106
3.521082 0.000034
9.740286 0.000000
1.743106 0.038615
6.633614 0.000000
7.346034 0.000000
8.870791 0.000000
6.178298 0.000000
6.533386 0.000000
1.892228 0.016993
1.095801 4.005727
4.056135 0.000008
2.262887 0.002840
4.628582 0.000002
0.567310 0.000000
9.800355 0.000000
1.304266 0.702004
7.283864 0.000000
2.380890 0.001708
0.535892 0.000000
3.107156 0.000119
3.996762 0.000010
3.495165 0.000037
4.735126 0.000002
3.209646 0.000086
9.162166 0.000000
0.980023 0.000000
5.328323 0.000001
9.677816 0.000000
6.775591 0.000000
0.997119 0.000000
2.821135 0.000313
0.296673 0.000000
0.737405 0.000000
4.564241 0.000003
6.930287 0.000000
8.083439 0.000000
3.435032 0.000044
3.108585 0.000119
4.616824 0.000002
5.327260 0.000001
4.204387 0.000006
8.672959 0.000000
7.590146 0.000000
8.832969 0.000000
9.240269 0.000000
7.390502 0.000000
0.137235 0.000000
6.524133 0.000000
9.771392 0.000000
0.673126 0.000000
9.631289 0.000000
3.768154 0.000017
4.168291 0.000006
4.366415 0.000004
6.977800 0.000000
3.330457 0.000060
5.346438 0.000001
2.306123 0.002351
3.008273 0.000165
2.122030 0.005401
3.303242 0.000065
5.829408 0.000000
2.418703 0.001459
4.040647 0.000009
0.393650 0.000000
9.348990 0.000000
2.124086 0.005349
3.828682 0.000015
2.457575 0.001244
6.740910 0.000000
9.155942 0.000000
6.661962 0.000000
5.413870 0.000000
6.746088 0.000000
5.494931 0.000000
4.654138 0.000002
4.136590 0.000007
5.632165 0.000000
1.178271 1.938866
3.907982 0.000012
6.305292 0.000000
0.809560 0.000000
7.676136 0.000000
0.473583 0.000000
5.175975 0.000001
4.653935 0.000002
3.804040 0.000016
0.522413 0.000000
6.960058 0.000000
6.812313 0.000000
2.644443 0.000598
0.263300 0.000000
2.641722 0.000604
5.063146 0.000001
4.303948 0.000005
3.035371 0.000151
4.412136 0.000004
6.428033 0.000000
6.864053 0.000000
6.869711 0.000000
3.168944 0.000098
6.019995 0.000000
3.531672 0.000033
8.582813 0.000000
2.766083 0.000381
9.026603 0.000000
3.236951 0.000079
6.902673 0.000000
4.658768 0.000002
4.415222 0.000004
0.810654 0.000000
0.964060 0.000000
5.224782 0.000001
8.486790 0.000000
1.437643 0.265149
0.400757 0.000000
3.140725 0.000107
5.241683 0.000001
0.923171 0.000000
0.100784 0.000000
2.053997 0.007482
3.567614 0.000030
0.364084 0.000000
4.695718 0.000002
8.630760 0.000000
4.668032 0.000002
7.731090 0.000000
3.042895 0.000147
1.096065 3.996107
4.595143 0.000002
9.912606 0.000000
4.265008 0.000005
0.615138 0.000000
3.444278 0.000043
2.847822 0.000285
3.381220 0.000051
2.470881 0.001179
6.084773 0.000000
0.283893 0.000000
7.129649 0.000000
0.499995 0.000000
1.094548 4.051855
8.093709 0.000000
5.724778 0.000000
9.581337 0.000000
9.531351 0.000000
6.125535 0.000000
2.722063 0.000448
4.773035 0.000002
7.048706 0.000000
2.822846 0.000311
6.827031 0.000000
0.616320 0.000000
3.186930 0.000093
1.522749 0.149182
9.247080 0.000000
7.854962 0.000000
9.253839 0.000000
2.289975 0.002522
8.951027 0.000000
3.848982 0.000014
2.202581 0.003721
3.216035 0.000084
4.464119 0.000003
5.646859 0.000000
6.063857 0.000000
7.845340 0.000000
8.117740 0.000000
2.148629 0.004769
8.129233 0.000000
5.247389 0.000001
2.648625 0.000589
9.223781 0.000000
3.341098 0.000058
8.373403 0.000000
8.805118 0.000000
2.872449 0.000262
4.498938 0.000003
1.527180 0.144909
7.645484 0.000000
1.547644 0.126850
4.350026 0.000004
4.472515 0.000003
2.163964 0.004441
7.536956 0.000000
5.995265 0.000000
1.411044 0.319591
5.391918 0.000000
5.249104 0.000001
3.701019 0.000021
4.342944 0.000004
9.098086 0.000000
5.903601 0.000000
7.558979 0.000000
3.562205 0.000030
1.550460 0.124565
3.622836 0.000026
1.407545 0.327625
9.668200 0.000000
5.771465 0.000000
9.536778 0.000000
4.915590 0.000001
8.420090 0.000000
8.760559 0.000000
8.256688 0.000000
6.793493 0.000000
7.565677 0.000000
1.129137 2.968476
1.292431 0.769001
9.092857 0.000000
8.774621 0.000000
2.840075 0.000293
3.442883 0.000043
3.247136 0.000077
5.004039 0.000001
0.979840 0.000000
9.242401 0.000000
6.415083 0.000000
6.371758 0.000000
4.491505 0.000003
0.116102 0.000000
0.714702 0.000000
3.589591 0.000028
6.019703 0.000000
8.273682 0.000000
7.151796 0.000000
7.570163 0.000000
1.896518 0.016612
8.559341 0.000000
7.238363 0.000000
7.667983 0.000000
8.096120 0.000000
2.153952 0.004652
6.088073 0.000000
6.856678 0.000000
0.410640 0.000000
2.881566 0.000253
4.422355 0.000003
1.539777 0.133482
4.173997 0.000006
3.515212 0.000035
0.314398 0.000000
7.014072 0.000000
6.958095 0.000000
3.561534 0.000030
2.018111 0.008924
7.937935 0.000000
2.803936 0.000333
8.433194 0.000000
4.309692 0.000005
7.295441 0.000000
8.549296 0.000000
5.024395 0.000001
0.885032 0.000000
4.568998 0.000003
3.298076 0.000066
8.036828 0.000000
2.139161 0.004984
5.194594 0.000001
6.596169 0.000000
9.377524 0.000000
2.862577 0.000271
4.692289 0.000002
1.531476 0.140896
8.950650 0.000000
1.548967 0.125770
1.942116 0.013099
1.832216 0.023455
5.971322 0.000000
3.481892 0.000038
6.006213 0.000000
9.486534 0.000000
3.796290 0.000016
3.020285 0.000158
6.444629 0.000000
7.357825 0.000000
5.038396 0.000001
4.382563 0.000004
0.161761 0.000000
3.471589 0.000039
8.692256 0.000000
7.457201 0.000000
2.020885 0.008802
3.716650 0.000020
8.342233 0.000000
6.589884 0.000000
7.014726 0.000000
6.379061 0.000000
8.729044 0.000000
2.209320 0.003609
2.975231 0.000184
8.106568 0.000000
5.071897 0.000001
7.667520 0.000000
9.638044 0.000000
4.022547 0.000009
9.216487 0.000000
1.580160 0.103036
5.854763 0.000000
5.187809 0.000001
5.062052 0.000001
1.860975 0.020072
4.674342 0.000002
8.858342 0.000000
4.881260 0.000001
1.118971 3.249473
6.216167 0.000000
9.919656 0.000000
5.501534 0.000000
6.377928 0.000000
3.391245 0.000050
4.193790 0.000006
3.835129 0.000015
5.412130 0.000000
7.910440 0.000000
2.177362 0.004175
2.002014 0.009668
4.925166 0.000001
8.556424 0.000000
0.731058 0.000000
7.134486 0.000000
1.531654 0.140732
8.837626 0.000000
2.206383 0.003658
9.199174 0.000000
8.475670 0.000000
6.228929 0.000000
8.415661 0.000000
0.055830 0.000000
2.083692 0.006481
3.603469 0.000027
5.117882 0.000001
3.944667 0.000011
8.277811 0.000000
3.976224 0.000010
8.825927 0.000000
9.396782 0.000000
0.192391 0.000000
8.745583 0.000000
4.898316 0.000001
6.570319 0.000000
2.136829 0.005039
9.092105 0.000000
0.405448 0.000000
7.548959 0.000000
7.002545 0.000000
2.582811 0.000757
9.550973 0.000000
1.927711 0.014112
1.139234 2.715628
0.282031 0.000000
9.062197 0.000000
2.670888 0.000541
9.119657 0.000000
1.268580 0.926451
1.870062 0.019118
7.595328 0.000000
7.497509 0.000000
0.285723 0.000000
7.651157 0.000000
9.581201 0.000000
3.889192 0.000013
2.769039 0.000377
3.525868 0.000034
2.167003 0.004379
6.745263 0.000000
2.351795 0.001932
1.563785 0.114348
6.937655 0.000000
1.097379 3.948519
6.462101 0.000000
3.507974 0.000035
3.234207 0.000080
5.554206 0.000000
3.913422 0.000012
0.783166 0.000000
2.556751 0.000838
6.496233 0.000000
0.334139 0.000000
4.484462 0.000003
7.635467 0.000000
0.616170 0.000000
3.546659 0.000032
0.306355 0.000000
9.735828 0.000000
4.815239 0.000001
2.176417 0.004194
7.331155 0.000000
2.312748 0.002284
2.462140 0.001221
4.982313 0.000001
1.893949 0.016839
6.351331 0.000000
7.751352 0.000000
5.419817 0.000000
8.518334 0.000000
4.496615 0.000003
7.771612 0.000000
0.082119 0.000000
1.434269 0.271452
8.868991 0.000000
6.544220 0.000000
4.942243 0.000001
2.103198 0.005905
2.098426 0.006040
8.855665 0.000000
2.886365 0.000249
4.655178 0.000002
5.351898 0.000001
3.220504 0.000083
9.139640 0.000000
2.987364 0.000177
3.836674 0.000014
2.686299 0.000511
3.293719 0.000067
3.572502 0.000030
7.501538 0.000000
5.470137 0.000000
0.903657 0.000000
9.814286 0.000000
7.932276 0.000000
5.885970 0.000000
1.708235 0.047263
4.283607 0.000005
3.637321 0.000025
7.128052 0.000000
2.801942 0.000335
8.133936 0.000000
4.899664 0.000001
2.884061 0.000251
9.568205 0.000000
3.768655 0.000017
9.428281 0.000000
4.510448 0.000003
5.871854 0.000000
1.526707 0.145359
3.366113 0.000054
8.758219 0.000000
6.181885 0.000000
8.718011 0.000000
1.978722 0.010868
5.321525 0.000001
1.705375 0.048062
5.815397 0.000000
8.007824 0.000000
4.999095 0.000001
9.387898 0.000000
5.509363 0.000000
0.469231 0.000000
0.291555 0.000000
5.323649 0.000001
8.401508 0.000000
6.177525 0.000000
7.031884 0.000000
2.685115 0.000513
9.814846 0.000000
4.159936 0.000006
5.487056 0.000000
7.948782 0.000000
9.059601 0.000000
8.371117 0.000000
7.516987 0.000000
2.828256 0.000305
7.799398 0.000000
2.027435 0.008522
8.700110 0.000000
9.326105 0.000000
5.393548 0.000000
7.458328 0.000000
5.507990 0.000000
4.111559 0.000007
9.437051 0.000000
0.829514 0.000000
5.816934 0.000000
5.252447 0.000001
8.837339 0.000000
0.816029 0.000000
4.640346 0.000002
4.346701 0.000004
1.285261 0.812994
4.931901 0.000001
9.670350 0.000000
9.686768 0.000000
1.109426 3.540114
6.702234 0.000000
2.371883 0.001774
0.924272 0.000000
0.862170 0.000000
7.858940 0.000000
8.873053 0.000000
9.921771 0.000000
6.230057 0.000000
6.390040 0.000000
2.750027 0.000404
4.029455 0.000009
8.417475 0.000000
1.450137 0.243171
3.355560 0.000055
3.811023 0.000015
8.908465 0.000000
8.863550 0.000000
7.922582 0.000000
8.345516 0.000000
9.693064 0.000000
3.739516 0.000019
3.597963 0.000028
8.530403 0.000000
4.555546 0.000003
8.238309 0.000000
2.877104 0.000257
5.840806 0.000000
3.170209 0.000098
2.547453 0.000869
5.527575 0.000000
4.279635 0.000005
9.249688 0.000000
7.899458 0.000000
5.203907 0.000001
0.111858 0.000000
5.758398 0.000000
4.076960 0.000008
0.033629 0.000000
1.988455 0.010348
0.467001 0.000000
2.783656 0.000358
6.017909 0.000000
8.884475 0.000000
4.233792 0.000005
9.373469 0.000000
2.695498 0.000494
3.142257 0.000107
8.237019 0.000000
0.618080 0.000000
1.487773 0.188206
7.930083 0.000000
4.357596 0.000004
5.085736 0.000001
6.460485 0.000000
8.913142 0.000000
3.324044 0.000061
9.337589 0.000000
4.753949 0.000002
6.494254 0.000000
1.885042 0.017652
0.281523 0.000000
0.773889 0.000000
1.134730 2.825368
8.180981 0.000000
5.977796 0.000000
1.246588 1.103496
3.939379 0.000011
0.054756 0.000000
1.280217 0.845599
5.927834 0.000000
0.521757 0.000000
4.063873 0.000008
1.945743 0.012857
9.406233 0.000000
8.297665 0.000000
1.319212 0.626403
2.101731 0.005946
1.439922 0.260981
9.556231 0.000000
2.719811 0.000451
2.927695 0.000216
7.486313 0.000000
7.077408 0.000000
8.013431 0.000000
3.946799 0.000011
5.990550 0.000000
1.337475 0.545939
3.284387 0.000068
0.744498 0.000000
7.831728 0.000000
5.169430 0.000001
1.026021 7.734560
8.605617 0.000000
6.304159 0.000000
9.207003 0.000000
4.583413 0.000002
7.550747 0.000000
3.146382 0.000105
4.638170 0.000002
8.830964 0.000000
9.074215 0.000000
5.159927 0.000001
2.894837 0.000242
1.019958 8.206853
4.566159 0.000003
1.192502 1.719524
2.339170 0.002039
6.667890 0.000000
2.632424 0.000626
1.895401 0.016710
9.387701 0.000000
5.560119 0.000000
9.381714 0.000000
6.465109 0.000000
3.573550 0.000029
3.328513 0.000060
2.455658 0.001254
4.911025 0.000001
6.612900 0.000000
3.200157 0.000089
2.742753 0.000415
1.782330 0.030911
4.226178 0.000006
1.348370 0.503394
8.086489 0.000000
3.433181 0.000044
5.931783 0.000000
5.637236 0.000000
6.579562 0.000000
0.569953 0.000000
4.468201 0.000003
5.653778 0.000000
5.729880 0.000000
7.363038 0.000000
6.673736 0.000000
0.296039 0.000000
8.555540 0.000000
9.012906 0.000000
6.963929 0.000000
1.187964 1.786348
0.908307 0.000000
6.351631 0.000000
6.748084 0.000000
0.290021 0.000000
2.816739 0.000318
0.321634 0.000000
3.618534 0.000026
5.272398 0.000001
5.232658 0.000001
0.231434 0.000000
8.472554 0.000000
7.975411 0.000000
2.013764 0.009118
2.698732 0.000488
9.323781 0.000000
0.100253 0.000000
6.131913 0.000000
5.255565 0.000001
5.737489 0.000000
2.711476 0.000466
5.825518 0.000000
0.205690 0.000000
8.365253 0.000000
1.555398 0.120666
7.568728 0.000000
5.038989 0.000001
1.851437 0.021131
6.124268 0.000000
4.051895 0.000008
8.815367 0.000000
7.312232 0.000000
4.960202 0.000001
5.166997 0.000001
4.060316 0.000008
5.250223 0.000001
7.983737 0.000000
4.381949 0.000004
8.868757 0.000000
3.256134 0.000075
9.614607 0.000000
9.100191 0.000000
1.728689 0.041960
7.590019 0.000000
1.113954 3.398802
4.427421 0.000003
6.913800 0.000000
1.214207 1.435727
0.559334 0.000000
2.169365 0.004332
6.951696 0.000000
3.270810 0.000071
7.994883 0.000000
7.157386 0.000000
1.636063 0.072778
9.550281 0.000000
4.726114 0.000002
6.675052 0.000000
1.401718 0.341501
0.850382 0.000000
0.726947 0.000000
0.217085 0.000000
8.162614 0.000000
5.687149 0.000000
5.384082 0.000000
2.222929 0.003394
0.937371 0.000000
3.367819 0.000053
6.604878 0.000000
9.806128 0.000000
6.623953 0.000000
6.219486 0.000000
8.906319 0.000000
8.352642 0.000000
3.809504 0.000016
0.020273 0.000000
2.780063 0.000363
0.723304 0.000000
1.234480 1.216629
3.339397 0.000058
2.892669 0.000244
8.186177 0.000000
6.610207 0.000000
0.887552 0.000000
5.343563 0.000001
8.246269 0.000000
0.437833 0.000000
0.069677 0.000000
4.921321 0.000001
1.839551 0.022536
0.920059 0.000000
5.648268 0.000000
2.056636 0.007386
9.082673 0.000000
1.335417 0.554410
7.440719 0.000000
1.305602 0.694851
2.272788 0.002719
0.808538 0.000000
7.910480 0.000000
2.078916 0.006632
7.432491 0.000000
4.129966 0.000007
0.985235 0.000000
5.785133 0.000000
7.939470 0.000000
1.005508 9.465487
8.565196 0.000000
8.662774 0.000000
2.239989 0.003144
1.904593 0.015921
1.555443 0.120631
0.426166 0.000000
8.514800 0.000000
2.442995 0.001321
5.769729 0.000000
6.761069 0.000000
2.880828 0.000254
5.839406 0.000000
1.682391 0.055047
4.720379 0.000002
6.759465 0.000000
7.330659 0.000000
6.777016 0.000000
5.842138 0.000000
8.666076 0.000000
4.217734 0.000006
7.147740 0.000000
0.938864 0.000000
5.026272 0.000001
5.058220 0.000001
3.017781 0.000160
2.458763 0.001238
9.188186 0.000000
4.003016 0.000009
8.243896 0.000000
7.127657 0.000000
5.008524 0.000001
6.809093 0.000000
5.790431 0.000000
7.248513 0.000000
8.713686 0.000000
7.345874 0.000000
7.674679 0.000000
7.228486 0.000000
9.788869 0.000000
3.444407 0.000043
3.989555 0.000010
2.669697 0.000544
9.283814 0.000000
5.671946 0.000000
7.390076 0.000000
6.043279 0.000000
3.002605 0.000168
4.167092 0.000006
1.885417 0.017617
1.668681 0.059740
8.384826 0.000000
9.033157 0.000000
2.607545 0.000688
3.411098 0.000047
4.091377 0.000008
5.625325 0.000000
5.869861 0.000000
3.279564 0.000069
9.628341 0.000000
4.113757 0.000007
0.407220 0.000000
4.636866 0.000002
0.922850 0.000000
6.197651 0.000000
1.885379 0.017620
9.636536 0.000000
3.543525 0.000032
9.560057 0.000000
6.865021 0.000000
3.332394 0.000059
3.004465 0.000167
0.854577 0.000000
6.002091 0.000000
2.288278 0.002540
6.526522 0.000000
3.392167 0.000050
8.331557 0.000000
9.529127 0.000000
7.559259 0.000000
0.216974 0.000000
1.197808 1.644855
5.944085 0.000000
9.250131 0.000000
3.805353 0.000016
9.355183 0.000000
3.341509 0.000058
9.430678 0.000000
5.225044 0.000001
6.621072 0.000000
9.059020 0.000000
9.338801 0.000000
7.028293 0.000000
3.695885 0.000021
0.261651 0.000000
3.225944 0.000082
5.581264 0.000000
9.898186 0.000000
6.769469 0.000000
5.141321 0.000001
6.763208 0.000000
0.101863 0.000000
8.145786 0.000000
7.617784 0.000000
6.103954 0.000000
0.434064 0.000000
4.144307 0.000007
9.496121 0.000000
8.765621 0.000000
3.673434 0.000022
7.055380 0.000000
8.982595 0.000000
4.871242 0.000001
2.999465 0.000170
8.232727 0.000000
8.676595 0.000000
2.354647 0.001909
1.574235 0.106980
8.107274 0.000000
7.579691 0.000000
8.195308 0.000000
7.166293 0.000000
6.918492 0.000000
5.223600 0.000001
0.862179 0.000000
7.180143 0.000000
8.449544 0.000000
6.443443 0.000000
7.078329 0.000000
5.219013 0.000001
1.584764 0.100082
3.841537 0.000014
5.320876 0.000001
9.730550 0.000000
1.459322 0.228292
1.424830 0.289981
0.164614 0.000000
5.603628 0.000000
0.920951 0.000000
8.930235 0.000000
9.277063 0.000000
7.976331 0.000000
7.912830 0.000000
4.148305 0.000007
0.975796 0.000000
6.145557 0.000000
2.824900 0.000309
3.330443 0.000060
7.719792 0.000000
0.932174 0.000000
0.910134 0.000000
5.915100 0.000000
8.098467 0.000000
7.828626 0.000000
1.138700 2.728392
8.960646 0.000000
5.008769 0.000001
9.588244 0.000000
5.404089 0.000000
2.087099 0.006376
4.807257 0.000002
6.988852 0.000000
5.928636 0.000000
0.128133 0.000000
6.719402 0.000000
7.387957 0.000000
1.552963 0.122571
6.884016 0.000000
2.991586 0.000174
2.473914 0.001165
5.814251 0.000000
2.268648 0.002769
0.450245 0.000000
3.727081 0.000019
6.416953 0.000000
1.426041 0.287528
9.872638 0.000000
9.241853 0.000000
4.756484 0.000002
7.592430 0.000000
0.174027 0.000000
5.666618 0.000000
3.507530 0.000035
8.272494 0.000000
3.495245 0.000037
4.646230 0.000002
7.233140 0.000000
8.504014 0.000000
4.234474 0.000005
2.637229 0.000614
0.591112 0.000000
9.041731 0.000000
9.626081 0.000000
6.519748 0.000000
9.169864 0.000000
6.345483 0.000000
3.907705 0.000012
0.722827 0.000000
3.229499 0.000081
6.899291 0.000000
3.196742 0.000090
9.043750 0.000000
9.167939 0.000000
3.646987 0.000024
2.770831 0.000375
5.584893 0.000000
5.073028 0.000001
2.643468 0.000600
4.826746 0.000001
9.829512 0.000000
0.235898 0.000000
5.000773 0.000001
5.496131 0.000000
3.743428 0.000019
3.273268 0.000071
8.991375 0.000000
8.389657 0.000000
0.506408 0.000000
7.495389 0.000000
2.624131 0.000646
3.143637 0.000106
8.086501 0.000000
1.665862 0.060759
2.769718 0.000376
4.606249 0.000002
0.835726 0.000000
9.115201 0.000000
8.513954 0.000000
1.558554 0.118245
2.344700 0.001991
5.413245 0.000000
4.755295 0.000002
1.388450 0.375576
4.581184 0.000002
8.402283 0.000000
4.159281 0.000006
0.166077 0.000000
3.475311 0.000039
6.802749 0.000000
4.992823 0.000001
3.304823 0.000064
7.038647 0.000000
9.993596 0.000000
8.800954 0.000000
0.782075 0.000000
3.266864 0.000072
7.792329 0.000000
9.171732 0.000000
3.773272 0.000017
5.287718 0.000001
1.795863 0.028659
6.916908 0.000000
3.374219 0.000052
3.461725 0.000040
9.686626 0.000000
7.980467 0.000000
4.297451 0.000005
8.801828 0.000000
6.494422 0.000000
5.856005 0.000000
1.146528 2.547732
1.907667 0.015667
0.611300 0.000000
2.534978 0.000913
6.488851 0.000000
9.013583 0.000000
6.694258 0.000000
6.654928 0.000000
2.488894 0.001096
3.497007 0.000037
1.647751 0.067777
5.793717 0.000000
0.535654 0.000000
1.641348 0.070468
4.594671 0.000002
1.317729 0.633488
4.908212 0.000001
2.386999 0.001665
0.489461 0.000000
8.681483 0.000000
7.674717 0.000000
2.285324 0.002573
5.598392 0.000000
1.048936 6.201717
5.747049 0.000000
5.285018 0.000001
9.029403 0.000000
0.044500 0.000000
4.086846 0.000008
5.523825 0.000000
5.900505 0.000000
5.233374 0.000001
7.431491 0.000000
6.511805 0.000000
7.768351 0.000000
3.920342 0.000012
5.525388 0.000000
4.462610 0.000003
0.575271 0.000000
8.014281 0.000000
7.959617 0.000000
2.223022 0.003393
3.807998 0.000016
8.495271 0.000000
3.864370 0.000013
8.402669 0.000000
9.813001 0.000000
8.772581 0.000000
0.789668 0.000000
0.302462 0.000000
7.454065 0.000000
8.464385 0.000000
2.587786 0.000743
3.052456 0.000142
9.513321 0.000000
8.334834 0.000000
8.337474 0.000000
8.542724 0.000000
8.379334 0.000000
2.424320 0.001426
4.066548 0.000008
4.279839 0.000005
7.657694 0.000000
1.498040 0.175698
0.791644 0.000000
5.426045 0.000000
5.418382 0.000000
6.317031 0.000000
9.888655 0.000000
5.993653 0.000000
4.331313 0.000004
7.848272 0.000000
8.216674 0.000000
8.139311 0.000000
6.343544 0.000000
2.081044 0.006564
6.541980 0.000000
6.156544 0.000000
0.853625 0.000000
7.331648 0.000000
6.459006 0.000000
8.307690 0.000000
5.796034 0.000000
9.046791 0.000000
1.360146 0.461472
5.309354 0.000001
7.381626 0.000000
9.697620 0.000000
3.852078 0.000014
5.760960 0.000000
2.121940 0.005403
7.918627 0.000000
0.040799 0.000000
9.779634 0.000000
9.416666 0.000000
0.832443 0.000000
5.205679 0.000001
4.835048 0.000001
7.149474 0.000000
5.094334 0.000001
0.828701 0.000000
1.480787 0.197276
2.942606 0.000205
9.045375 0.000000
9.620098 0.000000
9.286149 0.000000
1.126419 3.040886
6.162078 0.000000
5.442694 0.000000
1.980044 0.010796
3.493727 0.000037
1.901699 0.016165
0.287734 0.000000
9.289760 0.000000
0.948490 0.000000
1.647879 0.067724
4.599115 0.000002
8.330116 0.000000
1.345499 0.514239
8.451193 0.000000
4.091076 0.000008
3.467440 0.000040
6.369820 0.000000
4.131875 0.000007
3.247073 0.000077
5.786486 0.000000
4.964317 0.000001
8.452752 0.000000
0.621534 0.000000
2.113791 0.005615
3.547086 0.000032
1.450235 0.243006
3.594578 0.000028
6.489692 0.000000
0.495610 0.000000
3.214676 0.000085
5.775841 0.000000
1.622029 0.079326
9.376755 0.000000
1.218535 1.385547
3.602073 0.000027
2.870481 0.000263
3.120234 0.000114
3.889807 0.000013
2.160241 0.004518
4.068724 0.000008
5.537686 0.000000
6.759356 0.000000
2.398840 0.001585
6.883186 0.000000
5.210549 0.000001
6.489916 0.000000
0.350625 0.000000
1.580369 0.102900
0.621791 0.000000
3.597699 0.000028
7.366854 0.000000
5.586108 0.000000
2.050451 0.007612
7.988389 0.000000
7.699900 0.000000
5.597536 0.000000
9.438624 0.000000
1.294478 0.756926
2.087228 0.006372
9.934234 0.000000
4.509154 0.000003
7.863069 0.000000
1.556263 0.119997
3.885909 0.000013
9.081604 0.000000
5.158336 0.000001
6.756390 0.000000
2.201838 0.003734
9.048143 0.000000
8.916632 0.000000
6.270562 0.000000
4.585829 0.000002
5.675988 0.000000
8.669402 0.000000
1.469015 0.213667
0.886537 0.000000
5.159319 0.000001
1.819640 0.025127
2.466905 0.001198
5.781110 0.000000
5.417339 0.000000
9.833760 0.000000
1.367218 0.438149
7.467789 0.000000
7.822148 0.000000
9.067118 0.000000
3.065326 0.000137
7.260772 0.000000
0.361596 0.000000
5.152554 0.000001
7.195005 0.000000
4.870750 0.000001
3.015623 0.000161
8.751268 0.000000
8.756659 0.000000
2.097226 0.006075
3.909604 0.000012
5.513049 0.000000
4.299064 0.000005
2.957747 0.000195
4.429681 0.000003
0.569626 0.000000
7.543577 0.000000
0.105669 0.000000
9.239028 0.000000
9.012592 0.000000
0.992206 0.000000
4.398347 0.000004
0.832232 0.000000
3.459111 0.000041
0.179457 0.000000
6.249571 0.000000
3.292871 0.000067
1.546675 0.127647
3.717360 0.000020
1.115019 3.366500
0.613793 0.000000
6.782686 0.000000
8.375790 0.000000
0.975389 0.000000
1.935240 0.013572
5.570796 0.000000
5.846139 0.000000
4.950862 0.000001
4.322064 0.000004
4.602798 0.000002
7.048089 0.000000
8.231668 0.000000
0.115848 0.000000
1.347153 0.507963
1.189415 1.764678
4.545529 0.000003
1.916778 0.014938
8.732992 0.000000
4.651198 0.000002
1.155806 2.350439
7.745583 0.000000
5.643404 0.000000
5.554153 0.000000
8.577815 0.000000
9.102515 0.000000
5.733610 0.000000
4.827386 0.000001
2.395385 0.001608
7.280285 0.000000
8.544746 0.000000
3.510404 0.000035
7.894078 0.000000
5.327432 0.000001
1.886194 0.017544
8.869467 0.000000
7.262672 0.000000
7.456990 0.000000
4.715606 0.000002
2.213534 0.003541
1.779053 0.031485
9.318404 0.000000
9.261623 0.000000
0.010721 0.000000
9.434252 0.000000
0.608776 0.000000
1.200136 1.613223
3.979781 0.000010
2.525554 0.000947
9.933128 0.000000
8.630979 0.000000
3.681360 0.000022
7.678711 0.000000
4.274383 0.000005
9.235513 0.000000
6.256526 0.000000
3.376897 0.000052
4.969123 0.000001
1.083912 4.467434
5.772283 0.000000
2.249408 0.003015
9.628659 0.000000
9.282686 0.000000
0.143486 0.000000
4.956091 0.000001
1.168881 2.100382
9.012953 0.000000
2.218763 0.003459
8.625870 0.000000
3.728559 0.000019
4.432297 0.000003
0.404924 0.000000
3.046963 0.000145
3.693920 0.000021
0.415645 0.000000
2.481215 0.001131
4.302696 0.000005
1.615781 0.082447
6.460997 0.000000
6.828250 0.000000
1.548909 0.125817
5.091976 0.000001
0.509610 0.000000
9.227620 0.000000
9.366358 0.000000
9.745123 0.000000
5.484147 0.000000
2.743256 0.000414
4.714247 0.000002
6.568059 0.000000
8.515539 0.000000
6.963655 0.000000
6.196718 0.000000
7.798225 0.000000
7.107141 0.000000
1.152809 2.412281
8.967106 0.000000
6.120095 0.000000
3.371571 0.000053
7.592976 0.000000
9.848654 0.000000
7.803869 0.000000
7.997900 0.000000
2.895617 0.000241
1.497789 0.175992
8.413544 0.000000
5.376832 0.000000
5.800485 0.000000
0.029326 0.000000
1.837829 0.022748
2.628734 0.000635
1.578235 0.104300
6.929805 0.000000
3.138344 0.000108
0.805855 0.000000
6.296163 0.000000
2.883467 0.000252
6.290002 0.000000
9.039419 0.000000
7.597714 0.000000
2.858061 0.000275
7.554958 0.000000
4.561369 0.000003
9.054778 0.000000
5.353183 0.000001
1.668510 0.059801
0.207587 0.000000
4.320288 0.000004
7.788605 0.000000
3.579158 0.000029
